Total 59 poses after set cover greedy algorithm.
Pose Number 170:
    0.663414     -0.55667          0.5            0
   -0.642788    -0.766044 -2.77556e-17            0
    0.383022    -0.321394    -0.866025          1.5
           0            0            0            1
Pose Number 195:
 -0.167731   0.951251   0.258819          0
  0.984808   0.173648          0          0
-0.0449435   0.254887  -0.965926        1.5
         0          0          0          1
Pose Number 158:
   0.122788    0.696364    0.707107           0
   0.984808   -0.173648 5.55112e-17           0
   0.122788    0.696364   -0.707107         1.5
          0           0           0           1
Pose Number 133:
        0.25    -0.433013     0.866025            0
   -0.866025         -0.5 -5.55112e-17            0
    0.433013        -0.75         -0.5          1.5
           0            0            0            1
Pose Number 163:
-0.866025         0       0.5         0
        0         1         0         0
     -0.5         0 -0.866025       1.5
        0         0         0         1
Pose Number 128:
-0.469846  -0.17101  0.866025         0
 -0.34202  0.939693         0         0
-0.813798 -0.296198      -0.5       1.5
        0         0         0         1
Pose Number 110:
    -0.24321   -0.0885213     0.965926            0
    -0.34202     0.939693 -2.77556e-17            0
   -0.907673    -0.330366    -0.258819          1.5
           0            0            0            1
Pose Number 116:
 0.198267 -0.166366  0.965926         0
-0.642788 -0.766044         0         0
 0.739942 -0.620885 -0.258819       1.5
        0         0         0         1
Pose Number 92:
-2.22045e-16            0            1            0
    -0.34202     0.939693            0            0
   -0.939693     -0.34202 -2.22045e-16          1.5
           0            0            0            1
Pose Number 117:
    0.24321  -0.0885213    0.965926           0
   -0.34202   -0.939693 2.77556e-17           0
   0.907673   -0.330366   -0.258819         1.5
          0           0           0           1
Pose Number 138:
 0.383022  0.321394  0.866025         0
 0.642788 -0.766044         0         0
 0.663414   0.55667      -0.5       1.5
        0         0         0         1
Pose Number 119:
     0.24321    0.0885213     0.965926            0
     0.34202    -0.939693 -2.77556e-17            0
    0.907673     0.330366    -0.258819          1.5
           0            0            0            1
Pose Number 101:
-2.22045e-16            0            1            0
     0.34202    -0.939693            0            0
    0.939693      0.34202 -2.22045e-16          1.5
           0            0            0            1
Pose Number 84:
-0.198267 -0.166366  0.965926         0
 0.642788 -0.766044         0         0
 0.739942  0.620885  0.258819       1.5
        0         0         0         1
Pose Number 48:
   -0.541675    -0.454519     0.707107            0
    0.642788    -0.766044 -2.77556e-17            0
    0.541675     0.454519     0.707107          1.5
           0            0            0            1
Pose Number 33:
   0.150384   -0.852869         0.5           0
   0.984808    0.173648 2.77556e-17           0
 -0.0868241    0.492404    0.866025         1.5
          0           0           0           1
Pose Number 53:
 0.541675 -0.454519  0.707107         0
 0.642788  0.766044         0         0
-0.541675  0.454519  0.707107       1.5
        0         0         0         1
Pose Number 38:
    0.664463     0.241845     0.707107            0
    -0.34202     0.939693 -2.77556e-17            0
   -0.664463    -0.241845     0.707107          1.5
           0            0            0            1
Pose Number 28:
   -0.866025  1.06058e-16          0.5            0
-1.22465e-16           -1            0            0
         0.5 -6.12323e-17     0.866025          1.5
           0            0            0            1
Pose Number 162:
   -0.664463     0.241845     0.707107            0
     0.34202     0.939693 -2.77556e-17            0
   -0.664463     0.241845    -0.707107          1.5
           0            0            0            1
Pose Number 26:
-0.663414   0.55667       0.5         0
-0.642788 -0.766044         0         0
 0.383022 -0.321394  0.866025       1.5
        0         0         0         1
Pose Number 135:
    0.469846     -0.17101     0.866025            0
    -0.34202    -0.939693 -2.77556e-17            0
    0.813798    -0.296198         -0.5          1.5
           0            0            0            1
Pose Number 43:
-0.353553  0.612372  0.707107         0
-0.866025      -0.5         0         0
 0.353553 -0.612372  0.707107       1.5
        0         0         0         1
Pose Number 143:
   -0.383022     0.321394     0.866025            0
    0.642788     0.766044 -5.55112e-17            0
   -0.663414      0.55667         -0.5          1.5
           0            0            0            1
Pose Number 47:
   -0.664463    -0.241845     0.707107            0
     0.34202    -0.939693 -1.38778e-17            0
    0.664463     0.241845     0.707107          1.5
           0            0            0            1
Pose Number 50:
-0.122788 -0.696364  0.707107         0
 0.984808 -0.173648         0         0
 0.122788  0.696364  0.707107       1.5
        0         0         0         1
Pose Number 72:
 0.469846  -0.17101  0.866025         0
  0.34202  0.939693         0         0
-0.813798  0.296198       0.5       1.5
        0         0         0         1
Pose Number 129:
-0.383022 -0.321394  0.866025         0
-0.642788  0.766044         0         0
-0.663414  -0.55667      -0.5       1.5
        0         0         0         1
Pose Number 36:
 0.813798 -0.296198       0.5         0
  0.34202  0.939693         0         0
-0.469846   0.17101  0.866025       1.5
        0         0         0         1
Pose Number 80:
-0.198267  0.166366  0.965926         0
-0.642788 -0.766044         0         0
 0.739942 -0.620885  0.258819       1.5
        0         0         0         1
Pose Number 93:
-2.22045e-16            0            1            0
   -0.642788     0.766044            0            0
   -0.766044    -0.642788 -2.22045e-16          1.5
           0            0            0            1
Pose Number 94:
        0         0         1         0
-0.866025       0.5         0         0
     -0.5 -0.866025         0       1.5
        0         0         0         1
Pose Number 149:
-0.122788 -0.696364  0.707107         0
-0.984808  0.173648         0         0
-0.122788 -0.696364 -0.707107       1.5
        0         0         0         1
Pose Number 34:
   0.433013       -0.75         0.5           0
   0.866025         0.5 5.55112e-17           0
      -0.25    0.433013    0.866025         1.5
          0           0           0           1
Pose Number 42:
-0.122788  0.696364  0.707107         0
-0.984808 -0.173648         0         0
 0.122788 -0.696364  0.707107       1.5
        0         0         0         1
Pose Number 55:
      0.5         0  0.866025         0
        0         1         0         0
-0.866025         0       0.5       1.5
        0         0         0         1
Pose Number 81:
    -0.24321    0.0885213     0.965926            0
    -0.34202    -0.939693 -2.77556e-17            0
    0.907673    -0.330366     0.258819          1.5
           0            0            0            1
Pose Number 115:
     0.12941    -0.224144     0.965926            0
   -0.866025         -0.5 -5.55112e-17            0
    0.482963    -0.836516    -0.258819          1.5
           0            0            0            1
Pose Number 148:
-0.353553 -0.612372  0.707107         0
-0.866025       0.5         0         0
-0.353553 -0.612372 -0.707107       1.5
        0         0         0         1
Pose Number 173:
 0.813798  0.296198       0.5         0
  0.34202 -0.939693         0         0
 0.469846   0.17101 -0.866025       1.5
        0         0         0         1
Pose Number 2:
   0.907673    0.330366    0.258819           0
   -0.34202    0.939693 6.93889e-18           0
   -0.24321  -0.0885213    0.965926         1.5
          0           0           0           1
Pose Number 20:
 0.813798  0.296198       0.5         0
 -0.34202  0.939693         0         0
-0.469846  -0.17101  0.866025       1.5
        0         0         0         1
Pose Number 37:
 0.707107         0  0.707107         0
        0         1         0         0
-0.707107         0  0.707107       1.5
        0         0         0         1
Pose Number 51:
 0.122788 -0.696364  0.707107         0
 0.984808  0.173648         0         0
-0.122788  0.696364  0.707107       1.5
        0         0         0         1
Pose Number 71:
 0.383022 -0.321394  0.866025         0
 0.642788  0.766044         0         0
-0.663414   0.55667       0.5       1.5
        0         0         0         1
Pose Number 85:
   -0.12941   -0.224144    0.965926           0
   0.866025        -0.5 5.55112e-17           0
   0.482963    0.836516    0.258819         1.5
          0           0           0           1
Pose Number 86:
 -0.0449435   -0.254887    0.965926           0
   0.984808   -0.173648 1.11022e-16           0
   0.167731    0.951251    0.258819         1.5
          0           0           0           1
Pose Number 105:
-2.22045e-16            0            1            0
    0.984808     0.173648            0            0
   -0.173648     0.984808 -2.22045e-16          1.5
           0            0            0            1
Pose Number 99:
-2.22045e-16            0            1            0
    -0.34202    -0.939693            0            0
    0.939693     -0.34202 -2.22045e-16          1.5
           0            0            0            1
Pose Number 109:
-0.258819         0  0.965926         0
        0         1         0         0
-0.965926         0 -0.258819       1.5
        0         0         0         1
Pose Number 123:
-0.0449435   0.254887   0.965926          0
  0.984808   0.173648          0          0
 -0.167731   0.951251  -0.258819        1.5
         0          0          0          1
Pose Number 126:
   -0.24321   0.0885213    0.965926           0
    0.34202    0.939693 2.77556e-17           0
  -0.907673    0.330366   -0.258819         1.5
          0           0           0           1
Pose Number 144:
-0.469846   0.17101  0.866025         0
  0.34202  0.939693         0         0
-0.813798  0.296198      -0.5       1.5
        0         0         0         1
Pose Number 166:
-0.433013     -0.75       0.5         0
-0.866025       0.5         0         0
    -0.25 -0.433013 -0.866025       1.5
        0         0         0         1
Pose Number 181:
-0.965926         0  0.258819         0
        0         1         0         0
-0.258819         0 -0.965926       1.5
        0         0         0         1
Pose Number 76:
  0.12941  0.224144  0.965926         0
-0.866025       0.5         0         0
-0.482963 -0.836516  0.258819       1.5
        0         0         0         1
Pose Number 77:
   0.0449435     0.254887     0.965926            0
   -0.984808     0.173648 -5.55112e-17            0
   -0.167731    -0.951251     0.258819          1.5
           0            0            0            1
Pose Number 97:
-2.22045e-16            0            1            0
   -0.866025         -0.5            0            0
         0.5    -0.866025 -2.22045e-16          1.5
           0            0            0            1
Pose Number 125:
-0.198267  0.166366  0.965926         0
 0.642788  0.766044         0         0
-0.739942  0.620885 -0.258819       1.5
        0         0         0         1
