Pose Transform Matrix 0:
  1   0   0   0
  0   1   0   0
  0   0   1 1.5
  0   0   0   1
Pose Transform Matrix 1:
 0.965926         0  0.258819         0
        0         1         0         0
-0.258819         0  0.965926       1.5
        0         0         0         1
Pose Transform Matrix 2:
   0.907673    0.330366    0.258819           0
   -0.34202    0.939693 6.93889e-18           0
   -0.24321  -0.0885213    0.965926         1.5
          0           0           0           1
Pose Transform Matrix 3:
 0.739942  0.620885  0.258819         0
-0.642788  0.766044         0         0
-0.198267 -0.166366  0.965926       1.5
        0         0         0         1
Pose Transform Matrix 4:
    0.482963     0.836516     0.258819            0
   -0.866025          0.5 -1.38778e-17            0
    -0.12941    -0.224144     0.965926          1.5
           0            0            0            1
Pose Transform Matrix 5:
   0.167731    0.951251    0.258819           0
  -0.984808    0.173648 2.77556e-17           0
 -0.0449435   -0.254887    0.965926         1.5
          0           0           0           1
Pose Transform Matrix 6:
-0.167731  0.951251  0.258819         0
-0.984808 -0.173648         0         0
0.0449435 -0.254887  0.965926       1.5
        0         0         0         1
Pose Transform Matrix 7:
  -0.482963    0.836516    0.258819           0
  -0.866025        -0.5 1.38778e-17           0
    0.12941   -0.224144    0.965926         1.5
          0           0           0           1
Pose Transform Matrix 8:
-0.739942  0.620885  0.258819         0
-0.642788 -0.766044         0         0
 0.198267 -0.166366  0.965926       1.5
        0         0         0         1
Pose Transform Matrix 9:
   -0.907673     0.330366     0.258819            0
    -0.34202    -0.939693 -6.93889e-18            0
     0.24321   -0.0885213     0.965926          1.5
           0            0            0            1
Pose Transform Matrix 10:
   -0.965926  1.18292e-16     0.258819            0
-1.22465e-16           -1 -3.08149e-33            0
    0.258819 -3.16962e-17     0.965926          1.5
           0            0            0            1
Pose Transform Matrix 11:
  -0.907673   -0.330366    0.258819           0
    0.34202   -0.939693 6.93889e-18           0
    0.24321   0.0885213    0.965926         1.5
          0           0           0           1
Pose Transform Matrix 12:
-0.739942 -0.620885  0.258819         0
 0.642788 -0.766044         0         0
 0.198267  0.166366  0.965926       1.5
        0         0         0         1
Pose Transform Matrix 13:
-0.482963 -0.836516  0.258819         0
 0.866025      -0.5         0         0
  0.12941  0.224144  0.965926       1.5
        0         0         0         1
Pose Transform Matrix 14:
-0.167731 -0.951251  0.258819         0
 0.984808 -0.173648         0         0
0.0449435  0.254887  0.965926       1.5
        0         0         0         1
Pose Transform Matrix 15:
  0.167731  -0.951251   0.258819          0
  0.984808   0.173648          0          0
-0.0449435   0.254887   0.965926        1.5
         0          0          0          1
Pose Transform Matrix 16:
   0.482963   -0.836516    0.258819           0
   0.866025         0.5 1.38778e-17           0
   -0.12941    0.224144    0.965926         1.5
          0           0           0           1
Pose Transform Matrix 17:
 0.739942 -0.620885  0.258819         0
 0.642788  0.766044         0         0
-0.198267  0.166366  0.965926       1.5
        0         0         0         1
Pose Transform Matrix 18:
 0.907673 -0.330366  0.258819         0
  0.34202  0.939693         0         0
 -0.24321 0.0885213  0.965926       1.5
        0         0         0         1
Pose Transform Matrix 19:
0.866025        0      0.5        0
       0        1        0        0
    -0.5        0 0.866025      1.5
       0        0        0        1
Pose Transform Matrix 20:
 0.813798  0.296198       0.5         0
 -0.34202  0.939693         0         0
-0.469846  -0.17101  0.866025       1.5
        0         0         0         1
Pose Transform Matrix 21:
    0.663414      0.55667          0.5            0
   -0.642788     0.766044 -2.77556e-17            0
   -0.383022    -0.321394     0.866025          1.5
           0            0            0            1
Pose Transform Matrix 22:
    0.433013         0.75          0.5            0
   -0.866025          0.5 -5.55112e-17            0
       -0.25    -0.433013     0.866025          1.5
           0            0            0            1
Pose Transform Matrix 23:
    0.150384     0.852869          0.5            0
   -0.984808     0.173648 -2.77556e-17            0
  -0.0868241    -0.492404     0.866025          1.5
           0            0            0            1
Pose Transform Matrix 24:
-0.150384  0.852869       0.5         0
-0.984808 -0.173648         0         0
0.0868241 -0.492404  0.866025       1.5
        0         0         0         1
Pose Transform Matrix 25:
  -0.433013        0.75         0.5           0
  -0.866025        -0.5 2.77556e-17           0
       0.25   -0.433013    0.866025         1.5
          0           0           0           1
Pose Transform Matrix 26:
-0.663414   0.55667       0.5         0
-0.642788 -0.766044         0         0
 0.383022 -0.321394  0.866025       1.5
        0         0         0         1
Pose Transform Matrix 27:
-0.813798  0.296198       0.5         0
 -0.34202 -0.939693         0         0
 0.469846  -0.17101  0.866025       1.5
        0         0         0         1
Pose Transform Matrix 28:
   -0.866025  1.06058e-16          0.5            0
-1.22465e-16           -1            0            0
         0.5 -6.12323e-17     0.866025          1.5
           0            0            0            1
Pose Transform Matrix 29:
-0.813798 -0.296198       0.5         0
  0.34202 -0.939693         0         0
 0.469846   0.17101  0.866025       1.5
        0         0         0         1
Pose Transform Matrix 30:
   -0.663414     -0.55667          0.5            0
    0.642788    -0.766044 -2.77556e-17            0
    0.383022     0.321394     0.866025          1.5
           0            0            0            1
Pose Transform Matrix 31:
-0.433013     -0.75       0.5         0
 0.866025      -0.5         0         0
     0.25  0.433013  0.866025       1.5
        0         0         0         1
Pose Transform Matrix 32:
-0.150384 -0.852869       0.5         0
 0.984808 -0.173648         0         0
0.0868241  0.492404  0.866025       1.5
        0         0         0         1
Pose Transform Matrix 33:
   0.150384   -0.852869         0.5           0
   0.984808    0.173648 2.77556e-17           0
 -0.0868241    0.492404    0.866025         1.5
          0           0           0           1
Pose Transform Matrix 34:
   0.433013       -0.75         0.5           0
   0.866025         0.5 5.55112e-17           0
      -0.25    0.433013    0.866025         1.5
          0           0           0           1
Pose Transform Matrix 35:
 0.663414  -0.55667       0.5         0
 0.642788  0.766044         0         0
-0.383022  0.321394  0.866025       1.5
        0         0         0         1
Pose Transform Matrix 36:
 0.813798 -0.296198       0.5         0
  0.34202  0.939693         0         0
-0.469846   0.17101  0.866025       1.5
        0         0         0         1
Pose Transform Matrix 37:
 0.707107         0  0.707107         0
        0         1         0         0
-0.707107         0  0.707107       1.5
        0         0         0         1
Pose Transform Matrix 38:
    0.664463     0.241845     0.707107            0
    -0.34202     0.939693 -2.77556e-17            0
   -0.664463    -0.241845     0.707107          1.5
           0            0            0            1
Pose Transform Matrix 39:
    0.541675     0.454519     0.707107            0
   -0.642788     0.766044 -2.77556e-17            0
   -0.541675    -0.454519     0.707107          1.5
           0            0            0            1
Pose Transform Matrix 40:
 0.353553  0.612372  0.707107         0
-0.866025       0.5         0         0
-0.353553 -0.612372  0.707107       1.5
        0         0         0         1
Pose Transform Matrix 41:
 0.122788  0.696364  0.707107         0
-0.984808  0.173648         0         0
-0.122788 -0.696364  0.707107       1.5
        0         0         0         1
Pose Transform Matrix 42:
-0.122788  0.696364  0.707107         0
-0.984808 -0.173648         0         0
 0.122788 -0.696364  0.707107       1.5
        0         0         0         1
Pose Transform Matrix 43:
-0.353553  0.612372  0.707107         0
-0.866025      -0.5         0         0
 0.353553 -0.612372  0.707107       1.5
        0         0         0         1
Pose Transform Matrix 44:
   -0.541675     0.454519     0.707107            0
   -0.642788    -0.766044 -2.77556e-17            0
    0.541675    -0.454519     0.707107          1.5
           0            0            0            1
Pose Transform Matrix 45:
  -0.664463    0.241845    0.707107           0
   -0.34202   -0.939693 1.38778e-17           0
   0.664463   -0.241845    0.707107         1.5
          0           0           0           1
Pose Transform Matrix 46:
   -0.707107  8.65956e-17     0.707107            0
-1.22465e-16           -1 -6.16298e-33            0
    0.707107 -8.65956e-17     0.707107          1.5
           0            0            0            1
Pose Transform Matrix 47:
   -0.664463    -0.241845     0.707107            0
     0.34202    -0.939693 -1.38778e-17            0
    0.664463     0.241845     0.707107          1.5
           0            0            0            1
Pose Transform Matrix 48:
   -0.541675    -0.454519     0.707107            0
    0.642788    -0.766044 -2.77556e-17            0
    0.541675     0.454519     0.707107          1.5
           0            0            0            1
Pose Transform Matrix 49:
  -0.353553   -0.612372    0.707107           0
   0.866025        -0.5 5.55112e-17           0
   0.353553    0.612372    0.707107         1.5
          0           0           0           1
Pose Transform Matrix 50:
-0.122788 -0.696364  0.707107         0
 0.984808 -0.173648         0         0
 0.122788  0.696364  0.707107       1.5
        0         0         0         1
Pose Transform Matrix 51:
 0.122788 -0.696364  0.707107         0
 0.984808  0.173648         0         0
-0.122788  0.696364  0.707107       1.5
        0         0         0         1
Pose Transform Matrix 52:
 0.353553 -0.612372  0.707107         0
 0.866025       0.5         0         0
-0.353553  0.612372  0.707107       1.5
        0         0         0         1
Pose Transform Matrix 53:
 0.541675 -0.454519  0.707107         0
 0.642788  0.766044         0         0
-0.541675  0.454519  0.707107       1.5
        0         0         0         1
Pose Transform Matrix 54:
   0.664463   -0.241845    0.707107           0
    0.34202    0.939693 2.77556e-17           0
  -0.664463    0.241845    0.707107         1.5
          0           0           0           1
Pose Transform Matrix 55:
      0.5         0  0.866025         0
        0         1         0         0
-0.866025         0       0.5       1.5
        0         0         0         1
Pose Transform Matrix 56:
 0.469846   0.17101  0.866025         0
 -0.34202  0.939693         0         0
-0.813798 -0.296198       0.5       1.5
        0         0         0         1
Pose Transform Matrix 57:
 0.383022  0.321394  0.866025         0
-0.642788  0.766044         0         0
-0.663414  -0.55667       0.5       1.5
        0         0         0         1
Pose Transform Matrix 58:
     0.25  0.433013  0.866025         0
-0.866025       0.5         0         0
-0.433013     -0.75       0.5       1.5
        0         0         0         1
Pose Transform Matrix 59:
   0.0868241     0.492404     0.866025            0
   -0.984808     0.173648 -5.55112e-17            0
   -0.150384    -0.852869          0.5          1.5
           0            0            0            1
Pose Transform Matrix 60:
 -0.0868241    0.492404    0.866025           0
  -0.984808   -0.173648 1.11022e-16           0
   0.150384   -0.852869         0.5         1.5
          0           0           0           1
Pose Transform Matrix 61:
      -0.25    0.433013    0.866025           0
  -0.866025        -0.5 5.55112e-17           0
   0.433013       -0.75         0.5         1.5
          0           0           0           1
Pose Transform Matrix 62:
-0.383022  0.321394  0.866025         0
-0.642788 -0.766044         0         0
 0.663414  -0.55667       0.5       1.5
        0         0         0         1
Pose Transform Matrix 63:
-0.469846   0.17101  0.866025         0
 -0.34202 -0.939693         0         0
 0.813798 -0.296198       0.5       1.5
        0         0         0         1
Pose Transform Matrix 64:
        -0.5  6.12323e-17     0.866025            0
-1.22465e-16           -1            0            0
    0.866025 -1.06058e-16          0.5          1.5
           0            0            0            1
Pose Transform Matrix 65:
-0.469846  -0.17101  0.866025         0
  0.34202 -0.939693         0         0
 0.813798  0.296198       0.5       1.5
        0         0         0         1
Pose Transform Matrix 66:
-0.383022 -0.321394  0.866025         0
 0.642788 -0.766044         0         0
 0.663414   0.55667       0.5       1.5
        0         0         0         1
Pose Transform Matrix 67:
    -0.25 -0.433013  0.866025         0
 0.866025      -0.5         0         0
 0.433013      0.75       0.5       1.5
        0         0         0         1
Pose Transform Matrix 68:
  -0.0868241    -0.492404     0.866025            0
    0.984808    -0.173648 -1.11022e-16            0
    0.150384     0.852869          0.5          1.5
           0            0            0            1
Pose Transform Matrix 69:
  0.0868241   -0.492404    0.866025           0
   0.984808    0.173648 5.55112e-17           0
  -0.150384    0.852869         0.5         1.5
          0           0           0           1
Pose Transform Matrix 70:
     0.25 -0.433013  0.866025         0
 0.866025       0.5         0         0
-0.433013      0.75       0.5       1.5
        0         0         0         1
Pose Transform Matrix 71:
 0.383022 -0.321394  0.866025         0
 0.642788  0.766044         0         0
-0.663414   0.55667       0.5       1.5
        0         0         0         1
Pose Transform Matrix 72:
 0.469846  -0.17101  0.866025         0
  0.34202  0.939693         0         0
-0.813798  0.296198       0.5       1.5
        0         0         0         1
Pose Transform Matrix 73:
 0.258819         0  0.965926         0
        0         1         0         0
-0.965926         0  0.258819       1.5
        0         0         0         1
Pose Transform Matrix 74:
    0.24321   0.0885213    0.965926           0
   -0.34202    0.939693 2.77556e-17           0
  -0.907673   -0.330366    0.258819         1.5
          0           0           0           1
Pose Transform Matrix 75:
 0.198267  0.166366  0.965926         0
-0.642788  0.766044         0         0
-0.739942 -0.620885  0.258819       1.5
        0         0         0         1
Pose Transform Matrix 76:
  0.12941  0.224144  0.965926         0
-0.866025       0.5         0         0
-0.482963 -0.836516  0.258819       1.5
        0         0         0         1
Pose Transform Matrix 77:
   0.0449435     0.254887     0.965926            0
   -0.984808     0.173648 -5.55112e-17            0
   -0.167731    -0.951251     0.258819          1.5
           0            0            0            1
Pose Transform Matrix 78:
  -0.0449435     0.254887     0.965926            0
   -0.984808    -0.173648 -1.11022e-16            0
    0.167731    -0.951251     0.258819          1.5
           0            0            0            1
Pose Transform Matrix 79:
 -0.12941  0.224144  0.965926         0
-0.866025      -0.5         0         0
 0.482963 -0.836516  0.258819       1.5
        0         0         0         1
Pose Transform Matrix 80:
-0.198267  0.166366  0.965926         0
-0.642788 -0.766044         0         0
 0.739942 -0.620885  0.258819       1.5
        0         0         0         1
Pose Transform Matrix 81:
    -0.24321    0.0885213     0.965926            0
    -0.34202    -0.939693 -2.77556e-17            0
    0.907673    -0.330366     0.258819          1.5
           0            0            0            1
Pose Transform Matrix 82:
   -0.258819  3.16962e-17     0.965926            0
-1.22465e-16           -1            0            0
    0.965926 -1.18292e-16     0.258819          1.5
           0            0            0            1
Pose Transform Matrix 83:
   -0.24321  -0.0885213    0.965926           0
    0.34202   -0.939693 2.77556e-17           0
   0.907673    0.330366    0.258819         1.5
          0           0           0           1
Pose Transform Matrix 84:
-0.198267 -0.166366  0.965926         0
 0.642788 -0.766044         0         0
 0.739942  0.620885  0.258819       1.5
        0         0         0         1
Pose Transform Matrix 85:
   -0.12941   -0.224144    0.965926           0
   0.866025        -0.5 5.55112e-17           0
   0.482963    0.836516    0.258819         1.5
          0           0           0           1
Pose Transform Matrix 86:
 -0.0449435   -0.254887    0.965926           0
   0.984808   -0.173648 1.11022e-16           0
   0.167731    0.951251    0.258819         1.5
          0           0           0           1
Pose Transform Matrix 87:
   0.0449435    -0.254887     0.965926            0
    0.984808     0.173648 -5.55112e-17            0
   -0.167731     0.951251     0.258819          1.5
           0            0            0            1
Pose Transform Matrix 88:
  0.12941 -0.224144  0.965926         0
 0.866025       0.5         0         0
-0.482963  0.836516  0.258819       1.5
        0         0         0         1
Pose Transform Matrix 89:
 0.198267 -0.166366  0.965926         0
 0.642788  0.766044         0         0
-0.739942  0.620885  0.258819       1.5
        0         0         0         1
Pose Transform Matrix 90:
     0.24321   -0.0885213     0.965926            0
     0.34202     0.939693 -2.77556e-17            0
   -0.907673     0.330366     0.258819          1.5
           0            0            0            1
Pose Transform Matrix 91:
-2.22045e-16            0            1            0
           0            1            0            0
          -1            0 -2.22045e-16          1.5
           0            0            0            1
Pose Transform Matrix 92:
-2.22045e-16            0            1            0
    -0.34202     0.939693            0            0
   -0.939693     -0.34202 -2.22045e-16          1.5
           0            0            0            1
Pose Transform Matrix 93:
-2.22045e-16            0            1            0
   -0.642788     0.766044            0            0
   -0.766044    -0.642788 -2.22045e-16          1.5
           0            0            0            1
Pose Transform Matrix 94:
        0         0         1         0
-0.866025       0.5         0         0
     -0.5 -0.866025         0       1.5
        0         0         0         1
Pose Transform Matrix 95:
        0         0         1         0
-0.984808  0.173648         0         0
-0.173648 -0.984808         0       1.5
        0         0         0         1
Pose Transform Matrix 96:
        0         0         1         0
-0.984808 -0.173648         0         0
 0.173648 -0.984808         0       1.5
        0         0         0         1
Pose Transform Matrix 97:
-2.22045e-16            0            1            0
   -0.866025         -0.5            0            0
         0.5    -0.866025 -2.22045e-16          1.5
           0            0            0            1
Pose Transform Matrix 98:
        0         0         1         0
-0.642788 -0.766044         0         0
 0.766044 -0.642788         0       1.5
        0         0         0         1
Pose Transform Matrix 99:
-2.22045e-16            0            1            0
    -0.34202    -0.939693            0            0
    0.939693     -0.34202 -2.22045e-16          1.5
           0            0            0            1
Pose Transform Matrix 100:
-2.22045e-16            0            1            0
-1.22465e-16           -1            0            0
           1 -1.22465e-16 -2.22045e-16          1.5
           0            0            0            1
Pose Transform Matrix 101:
-2.22045e-16            0            1            0
     0.34202    -0.939693            0            0
    0.939693      0.34202 -2.22045e-16          1.5
           0            0            0            1
Pose Transform Matrix 102:
-2.22045e-16            0            1            0
    0.642788    -0.766044            0            0
    0.766044     0.642788 -2.22045e-16          1.5
           0            0            0            1
Pose Transform Matrix 103:
1.11022e-16           0           1           0
   0.866025        -0.5           0           0
        0.5    0.866025 1.11022e-16         1.5
          0           0           0           1
Pose Transform Matrix 104:
        0         0         1         0
 0.984808 -0.173648         0         0
 0.173648  0.984808         0       1.5
        0         0         0         1
Pose Transform Matrix 105:
-2.22045e-16            0            1            0
    0.984808     0.173648            0            0
   -0.173648     0.984808 -2.22045e-16          1.5
           0            0            0            1
Pose Transform Matrix 106:
       0        0        1        0
0.866025      0.5        0        0
    -0.5 0.866025        0      1.5
       0        0        0        1
Pose Transform Matrix 107:
        0         0         1         0
 0.642788  0.766044         0         0
-0.766044  0.642788         0       1.5
        0         0         0         1
Pose Transform Matrix 108:
-2.22045e-16            0            1            0
     0.34202     0.939693            0            0
   -0.939693      0.34202 -2.22045e-16          1.5
           0            0            0            1
Pose Transform Matrix 109:
-0.258819         0  0.965926         0
        0         1         0         0
-0.965926         0 -0.258819       1.5
        0         0         0         1
Pose Transform Matrix 110:
    -0.24321   -0.0885213     0.965926            0
    -0.34202     0.939693 -2.77556e-17            0
   -0.907673    -0.330366    -0.258819          1.5
           0            0            0            1
Pose Transform Matrix 111:
-0.198267 -0.166366  0.965926         0
-0.642788  0.766044         0         0
-0.739942 -0.620885 -0.258819       1.5
        0         0         0         1
Pose Transform Matrix 112:
   -0.12941   -0.224144    0.965926           0
  -0.866025         0.5 5.55112e-17           0
  -0.482963   -0.836516   -0.258819         1.5
          0           0           0           1
Pose Transform Matrix 113:
 -0.0449435   -0.254887    0.965926           0
  -0.984808    0.173648 5.55112e-17           0
  -0.167731   -0.951251   -0.258819         1.5
          0           0           0           1
Pose Transform Matrix 114:
0.0449435 -0.254887  0.965926         0
-0.984808 -0.173648         0         0
 0.167731 -0.951251 -0.258819       1.5
        0         0         0         1
Pose Transform Matrix 115:
     0.12941    -0.224144     0.965926            0
   -0.866025         -0.5 -5.55112e-17            0
    0.482963    -0.836516    -0.258819          1.5
           0            0            0            1
Pose Transform Matrix 116:
 0.198267 -0.166366  0.965926         0
-0.642788 -0.766044         0         0
 0.739942 -0.620885 -0.258819       1.5
        0         0         0         1
Pose Transform Matrix 117:
    0.24321  -0.0885213    0.965926           0
   -0.34202   -0.939693 2.77556e-17           0
   0.907673   -0.330366   -0.258819         1.5
          0           0           0           1
Pose Transform Matrix 118:
    0.258819 -3.16962e-17     0.965926            0
-1.22465e-16           -1            0            0
    0.965926 -1.18292e-16    -0.258819          1.5
           0            0            0            1
Pose Transform Matrix 119:
     0.24321    0.0885213     0.965926            0
     0.34202    -0.939693 -2.77556e-17            0
    0.907673     0.330366    -0.258819          1.5
           0            0            0            1
Pose Transform Matrix 120:
 0.198267  0.166366  0.965926         0
 0.642788 -0.766044         0         0
 0.739942  0.620885 -0.258819       1.5
        0         0         0         1
Pose Transform Matrix 121:
  0.12941  0.224144  0.965926         0
 0.866025      -0.5         0         0
 0.482963  0.836516 -0.258819       1.5
        0         0         0         1
Pose Transform Matrix 122:
0.0449435  0.254887  0.965926         0
 0.984808 -0.173648         0         0
 0.167731  0.951251 -0.258819       1.5
        0         0         0         1
Pose Transform Matrix 123:
-0.0449435   0.254887   0.965926          0
  0.984808   0.173648          0          0
 -0.167731   0.951251  -0.258819        1.5
         0          0          0          1
Pose Transform Matrix 124:
    -0.12941     0.224144     0.965926            0
    0.866025          0.5 -5.55112e-17            0
   -0.482963     0.836516    -0.258819          1.5
           0            0            0            1
Pose Transform Matrix 125:
-0.198267  0.166366  0.965926         0
 0.642788  0.766044         0         0
-0.739942  0.620885 -0.258819       1.5
        0         0         0         1
Pose Transform Matrix 126:
   -0.24321   0.0885213    0.965926           0
    0.34202    0.939693 2.77556e-17           0
  -0.907673    0.330366   -0.258819         1.5
          0           0           0           1
Pose Transform Matrix 127:
     -0.5         0  0.866025         0
        0         1         0         0
-0.866025         0      -0.5       1.5
        0         0         0         1
Pose Transform Matrix 128:
-0.469846  -0.17101  0.866025         0
 -0.34202  0.939693         0         0
-0.813798 -0.296198      -0.5       1.5
        0         0         0         1
Pose Transform Matrix 129:
-0.383022 -0.321394  0.866025         0
-0.642788  0.766044         0         0
-0.663414  -0.55667      -0.5       1.5
        0         0         0         1
Pose Transform Matrix 130:
      -0.25   -0.433013    0.866025           0
  -0.866025         0.5 5.55112e-17           0
  -0.433013       -0.75        -0.5         1.5
          0           0           0           1
Pose Transform Matrix 131:
-0.0868241  -0.492404   0.866025          0
 -0.984808   0.173648          0          0
 -0.150384  -0.852869       -0.5        1.5
         0          0          0          1
Pose Transform Matrix 132:
0.0868241 -0.492404  0.866025         0
-0.984808 -0.173648         0         0
 0.150384 -0.852869      -0.5       1.5
        0         0         0         1
Pose Transform Matrix 133:
        0.25    -0.433013     0.866025            0
   -0.866025         -0.5 -5.55112e-17            0
    0.433013        -0.75         -0.5          1.5
           0            0            0            1
Pose Transform Matrix 134:
    0.383022    -0.321394     0.866025            0
   -0.642788    -0.766044 -5.55112e-17            0
    0.663414     -0.55667         -0.5          1.5
           0            0            0            1
Pose Transform Matrix 135:
    0.469846     -0.17101     0.866025            0
    -0.34202    -0.939693 -2.77556e-17            0
    0.813798    -0.296198         -0.5          1.5
           0            0            0            1
Pose Transform Matrix 136:
         0.5 -6.12323e-17     0.866025            0
-1.22465e-16           -1            0            0
    0.866025 -1.06058e-16         -0.5          1.5
           0            0            0            1
Pose Transform Matrix 137:
 0.469846   0.17101  0.866025         0
  0.34202 -0.939693         0         0
 0.813798  0.296198      -0.5       1.5
        0         0         0         1
Pose Transform Matrix 138:
 0.383022  0.321394  0.866025         0
 0.642788 -0.766044         0         0
 0.663414   0.55667      -0.5       1.5
        0         0         0         1
Pose Transform Matrix 139:
       0.25    0.433013    0.866025           0
   0.866025        -0.5 5.55112e-17           0
   0.433013        0.75        -0.5         1.5
          0           0           0           1
Pose Transform Matrix 140:
0.0868241  0.492404  0.866025         0
 0.984808 -0.173648         0         0
 0.150384  0.852869      -0.5       1.5
        0         0         0         1
Pose Transform Matrix 141:
  -0.0868241     0.492404     0.866025            0
    0.984808     0.173648 -5.55112e-17            0
   -0.150384     0.852869         -0.5          1.5
           0            0            0            1
Pose Transform Matrix 142:
       -0.25     0.433013     0.866025            0
    0.866025          0.5 -5.55112e-17            0
   -0.433013         0.75         -0.5          1.5
           0            0            0            1
Pose Transform Matrix 143:
   -0.383022     0.321394     0.866025            0
    0.642788     0.766044 -5.55112e-17            0
   -0.663414      0.55667         -0.5          1.5
           0            0            0            1
Pose Transform Matrix 144:
-0.469846   0.17101  0.866025         0
  0.34202  0.939693         0         0
-0.813798  0.296198      -0.5       1.5
        0         0         0         1
Pose Transform Matrix 145:
-0.707107         0  0.707107         0
        0         1         0         0
-0.707107         0 -0.707107       1.5
        0         0         0         1
Pose Transform Matrix 146:
  -0.664463   -0.241845    0.707107           0
   -0.34202    0.939693 1.38778e-17           0
  -0.664463   -0.241845   -0.707107         1.5
          0           0           0           1
Pose Transform Matrix 147:
-0.541675 -0.454519  0.707107         0
-0.642788  0.766044         0         0
-0.541675 -0.454519 -0.707107       1.5
        0         0         0         1
Pose Transform Matrix 148:
-0.353553 -0.612372  0.707107         0
-0.866025       0.5         0         0
-0.353553 -0.612372 -0.707107       1.5
        0         0         0         1
Pose Transform Matrix 149:
-0.122788 -0.696364  0.707107         0
-0.984808  0.173648         0         0
-0.122788 -0.696364 -0.707107       1.5
        0         0         0         1
Pose Transform Matrix 150:
    0.122788    -0.696364     0.707107            0
   -0.984808    -0.173648 -5.55112e-17            0
    0.122788    -0.696364    -0.707107          1.5
           0            0            0            1
Pose Transform Matrix 151:
 0.353553 -0.612372  0.707107         0
-0.866025      -0.5         0         0
 0.353553 -0.612372 -0.707107       1.5
        0         0         0         1
Pose Transform Matrix 152:
 0.541675 -0.454519  0.707107         0
-0.642788 -0.766044         0         0
 0.541675 -0.454519 -0.707107       1.5
        0         0         0         1
Pose Transform Matrix 153:
    0.664463    -0.241845     0.707107            0
    -0.34202    -0.939693 -2.77556e-17            0
    0.664463    -0.241845    -0.707107          1.5
           0            0            0            1
Pose Transform Matrix 154:
    0.707107 -8.65956e-17     0.707107            0
-1.22465e-16           -1            0            0
    0.707107 -8.65956e-17    -0.707107          1.5
           0            0            0            1
Pose Transform Matrix 155:
   0.664463    0.241845    0.707107           0
    0.34202   -0.939693 2.77556e-17           0
   0.664463    0.241845   -0.707107         1.5
          0           0           0           1
Pose Transform Matrix 156:
 0.541675  0.454519  0.707107         0
 0.642788 -0.766044         0         0
 0.541675  0.454519 -0.707107       1.5
        0         0         0         1
Pose Transform Matrix 157:
 0.353553  0.612372  0.707107         0
 0.866025      -0.5         0         0
 0.353553  0.612372 -0.707107       1.5
        0         0         0         1
Pose Transform Matrix 158:
   0.122788    0.696364    0.707107           0
   0.984808   -0.173648 5.55112e-17           0
   0.122788    0.696364   -0.707107         1.5
          0           0           0           1
Pose Transform Matrix 159:
-0.122788  0.696364  0.707107         0
 0.984808  0.173648         0         0
-0.122788  0.696364 -0.707107       1.5
        0         0         0         1
Pose Transform Matrix 160:
-0.353553  0.612372  0.707107         0
 0.866025       0.5         0         0
-0.353553  0.612372 -0.707107       1.5
        0         0         0         1
Pose Transform Matrix 161:
-0.541675  0.454519  0.707107         0
 0.642788  0.766044         0         0
-0.541675  0.454519 -0.707107       1.5
        0         0         0         1
Pose Transform Matrix 162:
   -0.664463     0.241845     0.707107            0
     0.34202     0.939693 -2.77556e-17            0
   -0.664463     0.241845    -0.707107          1.5
           0            0            0            1
Pose Transform Matrix 163:
-0.866025         0       0.5         0
        0         1         0         0
     -0.5         0 -0.866025       1.5
        0         0         0         1
Pose Transform Matrix 164:
-0.813798 -0.296198       0.5         0
 -0.34202  0.939693         0         0
-0.469846  -0.17101 -0.866025       1.5
        0         0         0         1
Pose Transform Matrix 165:
-0.663414  -0.55667       0.5         0
-0.642788  0.766044         0         0
-0.383022 -0.321394 -0.866025       1.5
        0         0         0         1
Pose Transform Matrix 166:
-0.433013     -0.75       0.5         0
-0.866025       0.5         0         0
    -0.25 -0.433013 -0.866025       1.5
        0         0         0         1
Pose Transform Matrix 167:
   -0.150384    -0.852869          0.5            0
   -0.984808     0.173648 -2.77556e-17            0
  -0.0868241    -0.492404    -0.866025          1.5
           0            0            0            1
Pose Transform Matrix 168:
   0.150384   -0.852869         0.5           0
  -0.984808   -0.173648 2.77556e-17           0
  0.0868241   -0.492404   -0.866025         1.5
          0           0           0           1
Pose Transform Matrix 169:
 0.433013     -0.75       0.5         0
-0.866025      -0.5         0         0
     0.25 -0.433013 -0.866025       1.5
        0         0         0         1
Pose Transform Matrix 170:
    0.663414     -0.55667          0.5            0
   -0.642788    -0.766044 -2.77556e-17            0
    0.383022    -0.321394    -0.866025          1.5
           0            0            0            1
Pose Transform Matrix 171:
   0.813798   -0.296198         0.5           0
   -0.34202   -0.939693 1.38778e-17           0
   0.469846    -0.17101   -0.866025         1.5
          0           0           0           1
Pose Transform Matrix 172:
    0.866025 -1.06058e-16          0.5            0
-1.22465e-16           -1            0            0
         0.5 -6.12323e-17    -0.866025          1.5
           0            0            0            1
Pose Transform Matrix 173:
 0.813798  0.296198       0.5         0
  0.34202 -0.939693         0         0
 0.469846   0.17101 -0.866025       1.5
        0         0         0         1
Pose Transform Matrix 174:
 0.663414   0.55667       0.5         0
 0.642788 -0.766044         0         0
 0.383022  0.321394 -0.866025       1.5
        0         0         0         1
Pose Transform Matrix 175:
    0.433013         0.75          0.5            0
    0.866025         -0.5 -2.77556e-17            0
        0.25     0.433013    -0.866025          1.5
           0            0            0            1
Pose Transform Matrix 176:
    0.150384     0.852869          0.5            0
    0.984808    -0.173648 -2.77556e-17            0
   0.0868241     0.492404    -0.866025          1.5
           0            0            0            1
Pose Transform Matrix 177:
 -0.150384   0.852869        0.5          0
  0.984808   0.173648          0          0
-0.0868241   0.492404  -0.866025        1.5
         0          0          0          1
Pose Transform Matrix 178:
-0.433013      0.75       0.5         0
 0.866025       0.5         0         0
    -0.25  0.433013 -0.866025       1.5
        0         0         0         1
Pose Transform Matrix 179:
   -0.663414      0.55667          0.5            0
    0.642788     0.766044 -2.77556e-17            0
   -0.383022     0.321394    -0.866025          1.5
           0            0            0            1
Pose Transform Matrix 180:
   -0.813798     0.296198          0.5            0
     0.34202     0.939693 -1.38778e-17            0
   -0.469846      0.17101    -0.866025          1.5
           0            0            0            1
Pose Transform Matrix 181:
-0.965926         0  0.258819         0
        0         1         0         0
-0.258819         0 -0.965926       1.5
        0         0         0         1
Pose Transform Matrix 182:
   -0.907673    -0.330366     0.258819            0
    -0.34202     0.939693 -6.93889e-18            0
    -0.24321   -0.0885213    -0.965926          1.5
           0            0            0            1
Pose Transform Matrix 183:
-0.739942 -0.620885  0.258819         0
-0.642788  0.766044         0         0
-0.198267 -0.166366 -0.965926       1.5
        0         0         0         1
Pose Transform Matrix 184:
  -0.482963   -0.836516    0.258819           0
  -0.866025         0.5 2.77556e-17           0
   -0.12941   -0.224144   -0.965926         1.5
          0           0           0           1
Pose Transform Matrix 185:
  -0.167731   -0.951251    0.258819           0
  -0.984808    0.173648 2.77556e-17           0
 -0.0449435   -0.254887   -0.965926         1.5
          0           0           0           1
Pose Transform Matrix 186:
 0.167731 -0.951251  0.258819         0
-0.984808 -0.173648         0         0
0.0449435 -0.254887 -0.965926       1.5
        0         0         0         1
Pose Transform Matrix 187:
 0.482963 -0.836516  0.258819         0
-0.866025      -0.5         0         0
  0.12941 -0.224144 -0.965926       1.5
        0         0         0         1
Pose Transform Matrix 188:
   0.739942   -0.620885    0.258819           0
  -0.642788   -0.766044 1.38778e-17           0
   0.198267   -0.166366   -0.965926         1.5
          0           0           0           1
Pose Transform Matrix 189:
   0.907673   -0.330366    0.258819           0
   -0.34202   -0.939693 6.93889e-18           0
    0.24321  -0.0885213   -0.965926         1.5
          0           0           0           1
Pose Transform Matrix 190:
    0.965926 -1.18292e-16     0.258819            0
-1.22465e-16           -1 -3.08149e-33            0
    0.258819 -3.16962e-17    -0.965926          1.5
           0            0            0            1
Pose Transform Matrix 191:
    0.907673     0.330366     0.258819            0
     0.34202    -0.939693 -6.93889e-18            0
     0.24321    0.0885213    -0.965926          1.5
           0            0            0            1
Pose Transform Matrix 192:
 0.739942  0.620885  0.258819         0
 0.642788 -0.766044         0         0
 0.198267  0.166366 -0.965926       1.5
        0         0         0         1
Pose Transform Matrix 193:
 0.482963  0.836516  0.258819         0
 0.866025      -0.5         0         0
  0.12941  0.224144 -0.965926       1.5
