Transform Matrix 0:
        1         0         0         0
        0  0.356822 -0.934172         0
        0  0.934172  0.356822       1.5
        0         0         0         1
Transform Matrix 1:
        1         0         0         0
        0 -0.356822 -0.934172         0
        0  0.934172 -0.356822       1.5
        0         0         0         1
Transform Matrix 2:
        1         0         0         0
        0  0.356822  0.934172         0
        0 -0.934172  0.356822       1.5
        0         0         0         1
Transform Matrix 3:
        1        -0         0         0
        0 -0.356822  0.934172         0
        0 -0.934172 -0.356822       1.5
        0         0         0         1
Transform Matrix 4:
 0.934172         0 -0.356822         0
        0         1         0         0
 0.356822         0  0.934172       1.5
        0         0         0         1
Transform Matrix 5:
-0.934172         0 -0.356822         0
        0         1         0         0
 0.356822         0 -0.934172       1.5
        0         0         0         1
Transform Matrix 6:
 0.934172         0  0.356822         0
        0         1         0         0
-0.356822         0  0.934172       1.5
        0         0         0         1
Transform Matrix 7:
-0.934172         0  0.356822         0
        0         1         0         0
-0.356822         0 -0.934172       1.5
        0         0         0         1
Transform Matrix 8:
   0.127322   -0.333333   -0.934172           0
  -0.333333    0.872678   -0.356822           0
   0.934172    0.356822 6.12323e-17         1.5
          0           0           0           1
Transform Matrix 9:
   0.127322    0.333333   -0.934172           0
   0.333333    0.872678    0.356822           0
   0.934172   -0.356822 6.12323e-17         1.5
          0           0           0           1
Transform Matrix 10:
   0.127322    0.333333    0.934172           0
   0.333333    0.872678   -0.356822           0
  -0.934172    0.356822 6.12323e-17         1.5
          0           0           0           1
Transform Matrix 11:
   0.127322   -0.333333    0.934172           0
  -0.333333    0.872678    0.356822           0
  -0.934172   -0.356822 6.12323e-17         1.5
          0           0           0           1
Transform Matrix 12:
 0.788675 -0.211325  -0.57735         0
-0.211325  0.788675  -0.57735         0
  0.57735   0.57735   0.57735       1.5
        0         0         0         1
Transform Matrix 13:
 0.211325 -0.788675  -0.57735         0
-0.788675  0.211325  -0.57735         0
  0.57735   0.57735  -0.57735       1.5
        0         0         0         1
Transform Matrix 14:
0.788675 0.211325 -0.57735        0
0.211325 0.788675  0.57735        0
 0.57735 -0.57735  0.57735      1.5
       0        0        0        1
Transform Matrix 15:
0.211325 0.788675 -0.57735        0
0.788675 0.211325  0.57735        0
 0.57735 -0.57735 -0.57735      1.5
       0        0        0        1
Transform Matrix 16:
0.788675 0.211325  0.57735        0
0.211325 0.788675 -0.57735        0
-0.57735  0.57735  0.57735      1.5
       0        0        0        1
Transform Matrix 17:
0.211325 0.788675  0.57735        0
0.788675 0.211325 -0.57735        0
-0.57735  0.57735 -0.57735      1.5
       0        0        0        1
Transform Matrix 18:
 0.788675 -0.211325   0.57735         0
-0.211325  0.788675   0.57735         0
 -0.57735  -0.57735   0.57735       1.5
        0         0         0         1
Transform Matrix 19:
 0.211325 -0.788675   0.57735         0
-0.788675  0.211325   0.57735         0
 -0.57735  -0.57735  -0.57735       1.5
        0         0         0         1
