11 poses
31 -1 :
-0.433013     -0.75       0.5         0
 0.866025      -0.5         0         0
     0.25  0.433013  0.866025       1.5
        0         0         0         1
23 31 :
    0.150384     0.852869          0.5            0
   -0.984808     0.173648 -2.77556e-17            0
  -0.0868241    -0.492404     0.866025          1.5
           0            0            0            1
84 31 :
-0.198267 -0.166366  0.965926         0
 0.642788 -0.766044         0         0
 0.739942  0.620885  0.258819       1.5
        0         0         0         1
57 23 :
 0.383022  0.321394  0.866025         0
-0.642788  0.766044         0         0
-0.663414  -0.55667       0.5       1.5
        0         0         0         1
94 57 :
        0         0         1         0
-0.866025       0.5         0         0
     -0.5 -0.866025         0       1.5
        0         0         0         1
148 94 :
-0.353553 -0.612372  0.707107         0
-0.866025       0.5         0         0
-0.353553 -0.612372 -0.707107       1.5
        0         0         0         1
179 148 :
   -0.663414      0.55667          0.5            0
    0.642788     0.766044 -2.77556e-17            0
   -0.383022     0.321394    -0.866025          1.5
           0            0            0            1
171 148 :
   0.813798   -0.296198         0.5           0
   -0.34202   -0.939693 1.38778e-17           0
   0.469846    -0.17101   -0.866025         1.5
          0           0           0           1
50 31 :
-0.122788 -0.696364  0.707107         0
 0.984808 -0.173648         0         0
 0.122788  0.696364  0.707107       1.5
        0         0         0         1
35 31 :
 0.663414  -0.55667       0.5         0
 0.642788  0.766044         0         0
-0.383022  0.321394  0.866025       1.5
        0         0         0         1
26 31 :
-0.663414   0.55667       0.5         0
-0.642788 -0.766044         0         0
 0.383022 -0.321394  0.866025       1.5
        0         0         0         1
